[Settings]
ANGLE_X=180.000000
ANGLE_Y=0.000000
ANGLE_Z=90.000000
SHIFT_X=600.000000
SHIFT_Y=500.000000
HEIGHT=200.000000
ZOOM=0.120000
COUNT_LEFT_X=-644.000000
COUNT_TOP_Y=-452.000000
COUNT_RIGHT_X=356.000000
COUNT_BOTTOM_Y=548.000061
ENABLE_AREA=0
ENABLE_LEFT_X=-700.000000
ENABLE_TOP_Y=-2200.000000
ENABLE_RIGHT_X=700.000000
ENABLE_BOTTOM_Y=-800.000000
