[Settings]
ANGLE_X=105.000000
ANGLE_Y=0.000000
ANGLE_Z=0.000000
SHIFT_X=605.000000
SHIFT_Y=864.000000
HEIGHT=500.000000
ZOOM=0.130000
COUNT_LEFT_X=-1792.000000
COUNT_TOP_Y=-3612.000000
COUNT_RIGHT_X=1444.000000
COUNT_BOTTOM_Y=-870.000000
ENABLE_AREA=1
ENABLE_LEFT_X=-2506.000000
ENABLE_TOP_Y=-4328.000000
ENABLE_RIGHT_X=2594.000000
ENABLE_BOTTOM_Y=-82.000000
